0
3
0
0
0
0
1
1
0
0
0
0
2
2
0
0
0
0
3
4
0
0
0
0
4
5
0
0
0
0
5
2
0
0
0
0
6
1
0
0
0
0
7
3
0
0
0
0
8
0
0
0
0
0
9
0
0
0
0
0
10
0
0
0
0
0
11
0
0
0
0
0
12
0
0
0
0
0
13
0
0
0
0
0
14
0
0
0
0
0
15
0
0
0
0
0
16
6
1
0
0
0
17
6
1
0
0
0
18
6
1
0
0
0
19
6
1
0
0
0
20
6
1
0
0
0
21
6
1
0
0
0
22
6
1
0
0
0
23
6
1
0
0
0
24
6
1
0
0
0
25
6
1
0
0
0
26
6
1
0
0
0
27
6
1
0
0
0
28
6
1
0
0
0
29
6
1
0
0
0
30
6
1
0
0
0
31
6
1
0
0
0
32
6
1
0
0
0
33
6
1
0
0
0
34
6
1
0
0
0
35
6
1
0
0
0
36
6
1
0
0
0
37
6
1
0
0
0
38
6
1
0
0
0
39
6
1
0
0
0
40
6
1
0
0
0
41
6
1
0
0
0
42
6
1
0
0
0
43
6
1
0
0
0
44
6
1
0
0
0
45
6
1
0
0
0
46
6
1
0
0
0
47
6
1
0
0
0
48
0
2
0
0
0
49
0
2
0
0
0
50
0
2
0
0
0
51
0
2
0
0
0
52
0
2
0
0
0
53
0
2
0
0
0
54
0
2
0
0
0
55
0
2
0
0
0
56
3
2
0
0
0
57
1
2
0
0
0
58
2
2
0
0
0
59
4
2
0
0
0
60
5
2
0
0
0
61
2
2
0
0
0
62
1
2
0
0
0
63
3
2
0
0
0
0
0
0
0
2
